00100011101111011111111111111100
10100111101100000000000000000000
00000000000000001000000000100000
0000000000001100
00000010000001010100100000100000
10000001001010100000000000000000
10010001001010110000000000000000
00000010000001000101100000100000
10100001011010100000000000000000
00010001010000000000000000000011
00100010000100000000000000000001
00001000000000000000000000000011
0000000000110000
10000111101100000000000000000000
00100011101111010000000000000100
00000011111000000000000000001000
